Temperature (K)	Pressure (MPa)	Density (kg/m3)	Volume (m3/kg)	Internal Energy (kJ/kg)	Enthalpy (kJ/kg)	Entropy (J/g*K)	Cv (J/g*K)	Cp (J/g*K)	Sound Spd. (m/s)	Joule-Thomson (K/MPa)	Viscosity (Pa*s)	Therm. Cond. (W/m*K)	Phase
273.16	1.0000	1000.3	0.00099970	0.018283	1.0180	6.6001e-05	4.2127	4.2150	1403.9	-0.24133	0.0017887	0.56159	liquid
274.16	1.0000	1000.4	0.00099964	4.2317	5.2313	0.015462	4.2106	4.2118	1408.9	-0.24036	0.0017282	0.56348	liquid
275.16	1.0000	1000.4	0.00099961	8.4420	9.4416	0.030791	4.2083	4.2088	1413.7	-0.23942	0.0016709	0.56537	liquid
276.16	1.0000	1000.4	0.00099959	12.649	13.649	0.046054	4.2060	4.2061	1418.5	-0.23849	0.0016166	0.56726	liquid
277.16	1.0000	1000.4	0.00099958	16.854	17.854	0.061253	4.2035	4.2035	1423.1	-0.23757	0.0015651	0.56916	liquid
278.16	1.0000	1000.4	0.00099959	21.057	22.056	0.076388	4.2010	4.2012	1427.7	-0.23668	0.0015162	0.57105	liquid
279.16	1.0000	1000.4	0.00099962	25.257	26.256	0.091460	4.1983	4.1990	1432.1	-0.23580	0.0014696	0.57295	liquid
280.16	1.0000	1000.3	0.00099966	29.454	30.454	0.10647	4.1956	4.1970	1436.4	-0.23494	0.0014253	0.57484	liquid
281.16	1.0000	1000.3	0.00099972	33.650	34.650	0.12142	4.1928	4.1951	1440.6	-0.23409	0.0013831	0.57673	liquid
282.16	1.0000	1000.2	0.00099979	37.845	38.844	0.13631	4.1899	4.1933	1444.7	-0.23326	0.0013429	0.57862	liquid
283.16	1.0000	1000.1	0.00099987	42.037	43.037	0.15115	4.1869	4.1917	1448.8	-0.23244	0.0013045	0.58050	liquid
284.16	1.0000	1000.0	0.00099997	46.228	47.228	0.16592	4.1839	4.1903	1452.7	-0.23163	0.0012679	0.58238	liquid
285.16	1.0000	999.92	0.0010001	50.417	51.417	0.18064	4.1807	4.1889	1456.5	-0.23084	0.0012329	0.58425	liquid
286.16	1.0000	999.80	0.0010002	54.606	55.606	0.19530	4.1776	4.1876	1460.2	-0.23006	0.0011994	0.58612	liquid
287.16	1.0000	999.67	0.0010003	58.792	59.793	0.20991	4.1743	4.1865	1463.9	-0.22928	0.0011673	0.58797	liquid
288.16	1.0000	999.52	0.0010005	62.978	63.979	0.22446	4.1710	4.1854	1467.4	-0.22853	0.0011366	0.58982	liquid
289.16	1.0000	999.36	0.0010006	67.163	68.164	0.23895	4.1676	4.1844	1470.9	-0.22778	0.0011072	0.59166	liquid
290.16	1.0000	999.19	0.0010008	71.347	72.348	0.25340	4.1641	4.1835	1474.3	-0.22704	0.0010790	0.59348	liquid
291.16	1.0000	999.01	0.0010010	75.530	76.531	0.26779	4.1606	4.1827	1477.5	-0.22631	0.0010519	0.59530	liquid
292.16	1.0000	998.82	0.0010012	79.712	80.713	0.28213	4.1571	4.1819	1480.7	-0.22559	0.0010259	0.59710	liquid
293.16	1.0000	998.62	0.0010014	83.893	84.894	0.29642	4.1534	4.1812	1483.9	-0.22487	0.0010010	0.59889	liquid
294.16	1.0000	998.40	0.0010016	88.074	89.075	0.31066	4.1498	4.1806	1486.9	-0.22417	0.00097697	0.60067	liquid
295.16	1.0000	998.18	0.0010018	92.254	93.256	0.32484	4.1460	4.1801	1489.9	-0.22348	0.00095389	0.60243	liquid
296.16	1.0000	997.95	0.0010021	96.433	97.436	0.33898	4.1422	4.1796	1492.7	-0.22279	0.00093167	0.60417	liquid
297.16	1.0000	997.70	0.0010023	100.61	101.61	0.35307	4.1384	4.1791	1495.5	-0.22211	0.00091028	0.60590	liquid
298.16	1.0000	997.45	0.0010026	104.79	105.79	0.36711	4.1345	4.1787	1498.2	-0.22144	0.00088967	0.60762	liquid
299.16	1.0000	997.19	0.0010028	108.97	109.97	0.38110	4.1306	4.1784	1500.9	-0.22077	0.00086980	0.60932	liquid
300.16	1.0000	996.92	0.0010031	113.15	114.15	0.39504	4.1266	4.1781	1503.4	-0.22011	0.00085065	0.61100	liquid
301.16	1.0000	996.64	0.0010034	117.33	118.33	0.40894	4.1225	4.1778	1505.9	-0.21946	0.00083216	0.61266	liquid
302.16	1.0000	996.35	0.0010037	121.50	122.51	0.42279	4.1185	4.1776	1508.4	-0.21881	0.00081432	0.61430	liquid
303.16	1.0000	996.05	0.0010040	125.68	126.68	0.43659	4.1143	4.1774	1510.7	-0.21817	0.00079709	0.61592	liquid
304.16	1.0000	995.74	0.0010043	129.86	130.86	0.45035	4.1102	4.1772	1513.0	-0.21754	0.00078044	0.61753	liquid
305.16	1.0000	995.42	0.0010046	134.03	135.04	0.46406	4.1059	4.1771	1515.2	-0.21691	0.00076435	0.61911	liquid
306.16	1.0000	995.10	0.0010049	138.21	139.22	0.47772	4.1017	4.1770	1517.3	-0.21628	0.00074879	0.62068	liquid
307.16	1.0000	994.77	0.0010053	142.39	143.39	0.49134	4.0974	4.1770	1519.4	-0.21566	0.00073374	0.62222	liquid
308.16	1.0000	994.43	0.0010056	146.56	147.57	0.50492	4.0931	4.1769	1521.4	-0.21505	0.00071918	0.62375	liquid
309.16	1.0000	994.08	0.0010060	150.74	151.75	0.51845	4.0887	4.1770	1523.4	-0.21444	0.00070508	0.62525	liquid
310.16	1.0000	993.72	0.0010063	154.92	155.92	0.53194	4.0843	4.1770	1525.2	-0.21383	0.00069142	0.62673	liquid
311.16	1.0000	993.36	0.0010067	159.09	160.10	0.54539	4.0798	4.1770	1527.0	-0.21323	0.00067819	0.62819	liquid
312.16	1.0000	992.99	0.0010071	163.27	164.28	0.55879	4.0753	4.1771	1528.8	-0.21263	0.00066536	0.62963	liquid
313.16	1.0000	992.61	0.0010074	167.45	168.45	0.57215	4.0708	4.1772	1530.5	-0.21204	0.00065293	0.63105	liquid
314.16	1.0000	992.22	0.0010078	171.62	172.63	0.58547	4.0662	4.1773	1532.1	-0.21145	0.00064087	0.63245	liquid
315.16	1.0000	991.83	0.0010082	175.80	176.81	0.59874	4.0617	4.1775	1533.7	-0.21086	0.00062917	0.63382	liquid
316.16	1.0000	991.42	0.0010086	179.98	180.99	0.61198	4.0570	4.1776	1535.2	-0.21028	0.00061781	0.63517	liquid
317.16	1.0000	991.02	0.0010091	184.16	185.16	0.62517	4.0524	4.1778	1536.7	-0.20970	0.00060679	0.63650	liquid
318.16	1.0000	990.60	0.0010095	188.33	189.34	0.63832	4.0477	4.1780	1538.1	-0.20912	0.00059608	0.63781	liquid
319.16	1.0000	990.18	0.0010099	192.51	193.52	0.65143	4.0430	4.1782	1539.4	-0.20854	0.00058568	0.63910	liquid
320.16	1.0000	989.75	0.0010104	196.69	197.70	0.66451	4.0382	4.1785	1540.7	-0.20797	0.00057557	0.64036	liquid
321.16	1.0000	989.31	0.0010108	200.87	201.88	0.67754	4.0335	4.1787	1541.9	-0.20740	0.00056575	0.64160	liquid
322.16	1.0000	988.87	0.0010113	205.04	206.06	0.69053	4.0287	4.1790	1543.1	-0.20684	0.00055620	0.64282	liquid
323.16	1.0000	988.42	0.0010117	209.22	210.24	0.70348	4.0238	4.1793	1544.2	-0.20627	0.00054691	0.64402	liquid
324.16	1.0000	987.97	0.0010122	213.40	214.41	0.71639	4.0190	4.1796	1545.3	-0.20571	0.00053788	0.64520	liquid
325.16	1.0000	987.50	0.0010127	217.58	218.59	0.72927	4.0141	4.1799	1546.3	-0.20515	0.00052908	0.64635	liquid
326.16	1.0000	987.04	0.0010131	221.76	222.77	0.74210	4.0092	4.1802	1547.3	-0.20459	0.00052052	0.64749	liquid
327.16	1.0000	986.56	0.0010136	225.94	226.95	0.75490	4.0043	4.1806	1548.2	-0.20403	0.00051219	0.64860	liquid
328.16	1.0000	986.08	0.0010141	230.12	231.14	0.76766	3.9994	4.1809	1549.0	-0.20348	0.00050408	0.64969	liquid
329.16	1.0000	985.59	0.0010146	234.30	235.32	0.78038	3.9944	4.1813	1549.9	-0.20292	0.00049618	0.65076	liquid
330.16	1.0000	985.10	0.0010151	238.48	239.50	0.79307	3.9894	4.1817	1550.6	-0.20237	0.00048848	0.65181	liquid
331.16	1.0000	984.60	0.0010156	242.66	243.68	0.80571	3.9844	4.1821	1551.3	-0.20182	0.00048097	0.65283	liquid
332.16	1.0000	984.09	0.0010162	246.85	247.86	0.81832	3.9794	4.1825	1552.0	-0.20127	0.00047366	0.65384	liquid
333.16	1.0000	983.58	0.0010167	251.03	252.05	0.83090	3.9743	4.1830	1552.6	-0.20072	0.00046653	0.65482	liquid
334.16	1.0000	983.07	0.0010172	255.21	256.23	0.84343	3.9693	4.1834	1553.2	-0.20017	0.00045957	0.65579	liquid
335.16	1.0000	982.54	0.0010178	259.39	260.41	0.85594	3.9642	4.1839	1553.8	-0.19962	0.00045279	0.65673	liquid
336.16	1.0000	982.01	0.0010183	263.58	264.60	0.86840	3.9591	4.1844	1554.3	-0.19907	0.00044617	0.65766	liquid
337.16	1.0000	981.48	0.0010189	267.76	268.78	0.88083	3.9540	4.1849	1554.7	-0.19852	0.00043971	0.65856	liquid
338.16	1.0000	980.94	0.0010194	271.95	272.97	0.89323	3.9489	4.1854	1555.1	-0.19798	0.00043341	0.65944	liquid
339.16	1.0000	980.39	0.0010200	276.13	277.15	0.90558	3.9438	4.1859	1555.5	-0.19743	0.00042726	0.66031	liquid
340.16	1.0000	979.84	0.0010206	280.32	281.34	0.91791	3.9387	4.1864	1555.8	-0.19688	0.00042125	0.66115	liquid
341.16	1.0000	979.29	0.0010212	284.50	285.52	0.93020	3.9335	4.1870	1556.0	-0.19634	0.00041539	0.66198	liquid
342.16	1.0000	978.72	0.0010217	288.69	289.71	0.94245	3.9283	4.1875	1556.3	-0.19579	0.00040966	0.66279	liquid
343.16	1.0000	978.16	0.0010223	292.88	293.90	0.95468	3.9232	4.1881	1556.5	-0.19524	0.00040406	0.66358	liquid
344.16	1.0000	977.58	0.0010229	297.06	298.09	0.96686	3.9180	4.1887	1556.6	-0.19470	0.00039859	0.66435	liquid
345.16	1.0000	977.00	0.0010235	301.25	302.28	0.97902	3.9128	4.1893	1556.7	-0.19415	0.00039325	0.66510	liquid
346.16	1.0000	976.42	0.0010241	305.44	306.47	0.99114	3.9076	4.1900	1556.8	-0.19360	0.00038802	0.66583	liquid
347.16	1.0000	975.83	0.0010248	309.63	310.66	1.0032	3.9024	4.1906	1556.8	-0.19306	0.00038292	0.66655	liquid
348.16	1.0000	975.24	0.0010254	313.82	314.85	1.0153	3.8972	4.1913	1556.8	-0.19251	0.00037792	0.66725	liquid
349.16	1.0000	974.64	0.0010260	318.01	319.04	1.0273	3.8920	4.1919	1556.8	-0.19196	0.00037304	0.66793	liquid
350.16	1.0000	974.03	0.0010267	322.20	323.23	1.0393	3.8868	4.1926	1556.7	-0.19141	0.00036826	0.66859	liquid
351.16	1.0000	973.42	0.0010273	326.40	327.42	1.0513	3.8816	4.1933	1556.6	-0.19086	0.00036359	0.66924	liquid
352.16	1.0000	972.81	0.0010280	330.59	331.62	1.0632	3.8763	4.1941	1556.4	-0.19031	0.00035901	0.66987	liquid
353.16	1.0000	972.19	0.0010286	334.78	335.81	1.0751	3.8711	4.1948	1556.2	-0.18975	0.00035454	0.67048	liquid
354.16	1.0000	971.56	0.0010293	338.98	340.01	1.0869	3.8659	4.1956	1556.0	-0.18920	0.00035016	0.67107	liquid
355.16	1.0000	970.93	0.0010299	343.17	344.20	1.0988	3.8606	4.1963	1555.7	-0.18864	0.00034587	0.67166	liquid
356.16	1.0000	970.30	0.0010306	347.37	348.40	1.1106	3.8554	4.1971	1555.4	-0.18809	0.00034168	0.67222	liquid
357.16	1.0000	969.66	0.0010313	351.57	352.60	1.1223	3.8502	4.1979	1555.1	-0.18753	0.00033757	0.67277	liquid
358.16	1.0000	969.01	0.0010320	355.76	356.80	1.1341	3.8449	4.1988	1554.7	-0.18697	0.00033354	0.67330	liquid
359.16	1.0000	968.36	0.0010327	359.96	361.00	1.1458	3.8397	4.1996	1554.3	-0.18641	0.00032960	0.67382	liquid
360.16	1.0000	967.71	0.0010334	364.16	365.20	1.1575	3.8345	4.2005	1553.8	-0.18584	0.00032574	0.67432	liquid
361.16	1.0000	967.05	0.0010341	368.36	369.40	1.1691	3.8292	4.2014	1553.4	-0.18528	0.00032195	0.67481	liquid
362.16	1.0000	966.38	0.0010348	372.56	373.60	1.1807	3.8240	4.2023	1552.8	-0.18471	0.00031825	0.67529	liquid
363.16	1.0000	965.71	0.0010355	376.77	377.80	1.1923	3.8188	4.2032	1552.3	-0.18415	0.00031461	0.67575	liquid
364.16	1.0000	965.04	0.0010362	380.97	382.00	1.2039	3.8135	4.2042	1551.7	-0.18358	0.00031105	0.67619	liquid
365.16	1.0000	964.36	0.0010370	385.17	386.21	1.2154	3.8083	4.2051	1551.1	-0.18300	0.00030756	0.67662	liquid
366.16	1.0000	963.68	0.0010377	389.38	390.41	1.2269	3.8031	4.2061	1550.5	-0.18243	0.00030414	0.67704	liquid
367.16	1.0000	962.99	0.0010384	393.58	394.62	1.2384	3.7979	4.2071	1549.8	-0.18185	0.00030078	0.67744	liquid
368.16	1.0000	962.30	0.0010392	397.79	398.83	1.2498	3.7927	4.2082	1549.1	-0.18127	0.00029749	0.67783	liquid
369.16	1.0000	961.60	0.0010399	402.00	403.04	1.2612	3.7875	4.2092	1548.3	-0.18069	0.00029426	0.67821	liquid
370.16	1.0000	960.90	0.0010407	406.21	407.25	1.2726	3.7823	4.2103	1547.6	-0.18011	0.00029110	0.67857	liquid
371.16	1.0000	960.19	0.0010415	410.42	411.46	1.2840	3.7771	4.2114	1546.8	-0.17952	0.00028799	0.67892	liquid
372.16	1.0000	959.48	0.0010422	414.63	415.67	1.2953	3.7719	4.2125	1545.9	-0.17893	0.00028494	0.67926	liquid
373.16	1.0000	958.76	0.0010430	418.84	419.88	1.3066	3.7667	4.2136	1545.1	-0.17834	0.00028195	0.67959	liquid
374.16	1.0000	958.04	0.0010438	423.05	424.10	1.3179	3.7616	4.2148	1544.2	-0.17774	0.00027902	0.67990	liquid
375.16	1.0000	957.32	0.0010446	427.27	428.31	1.3292	3.7564	4.2160	1543.3	-0.17715	0.00027614	0.68020	liquid
